000, 000, 000, 000, 000, 000, 000, 000,
000, 000, 000, 000, 000, 000, 000, 000,
000, 000, 000, 000, 000, 000, 000, 000,
000, 000, 000, 000, 000, 000, 000, 000,
000, 000, 000, 000, 000, 000, 000, 000,
000, 000, 000, 000, 000, 000, 000, 000,
000, 000, 000, 000, 000, 000, 000, 000,
000, 000, 000, 000, 000, 000, 000, 000,
000, 000, 000, 000, 000, 000, 000, 000,
000, 000, 000, 000, 000, 000, 000, 000,
000, 000, 000, 000, 000, 000, 000, 000,
000, 000, 000, 000, 000, 000, 000, 000,
000, 000, 000, 000, 000, 000, 000, 000,
000, 000, 000, 000, 000, 000, 000, 000,
000, 000, 000, 000, 000, 000, 000, 000,
000, 000, 000, 000, 000, 000, 000, 030,
000, 000, 000, 000, 000, 000, 000, 000,
000, 000, 000, 000, 000, 000, 000, 000,
000, 000, 000, 000, 000, 000, 000, 000,
000, 000, 000, 000, 000, 000, 000, 000,
000, 000, 000, 000, 000, 000, 000, 000,
000, 000, 000, 000, 000, 000, 000, 000,
000, 000, 000, 000, 000, 000, 000, 000,
000, 000, 000, 000, 000, 000, 000, 010,
000, 000, 000, 000, 000, 000, 000, 000,
000, 000, 000, 000, 000, 000, 000, 000,
000, 000, 000, 000, 000, 000, 000, 000,
000, 000, 000, 000, 000, 000, 000, 000,
000, 000, 000, 000, 000, 000, 000, 000,
000, 000, 000, 000, 000, 000, 000, 000,
000, 000, 000, 000, 000, 000, 000, 000,
000, 000, 000, 000, 000, 000, 000, 0f0,
000, 000, 000, 000, 000, 000, 000, 000,
000, 000, 000, 000, 000, 000, 000, 000,
000, 000, 000, 000, 000, 000, 000, 000,
000, 000, 000, 000, 000, 000, 000, 000,
000, 000, 000, 000, 000, 000, 000, 000,
000, 000, 000, 000, 000, 000, 000, 000,
000, 000, 000, 000, 000, 000, 000, 000,
000, 000, 000, 000, 000, 000, 000, 000,
000, 000, 000, 000, 000, 000, 000, 000,
000, 000, 000, 000, 000, 000, 000, 000,
000, 000, 000, 000, 000, 000, 000, 000,
000, 000, 000, 000, 000, 000, 000, 000,
000, 000, 000, 000, 000, 000, 000, 000,
000, 000, 000, 000, 000, 000, 000, 000,
000, 000, 000, 000, 000, 000, 000, 000,
000, 000, 000, 000, 000, 000, 000, 070,
000, 000, 000, 000, 000, 000, 000, 000,
000, 000, 000, 000, 000, 000, 000, 000,
000, 000, 000, 000, 000, 000, 000, 000,
000, 000, 000, 000, 000, 000, 000, 000,
000, 000, 000, 000, 000, 000, 000, 000,
000, 000, 000, 000, 000, 000, 000, 000,
000, 000, 000, 000, 000, 000, 000, 000,
000, 000, 000, 000, 000, 000, 000, 030,
000, 000, 000, 000, 000, 000, 000, 000,
000, 000, 000, 000, 000, 000, 000, 000,
000, 000, 000, 000, 000, 000, 000, 000,
000, 000, 000, 000, 000, 000, 000, 010,
000, 000, 000, 000, 000, 000, 000, 000,
000, 000, 000, 000, 000, 000, 000, 000,
000, 000, 000, 000, 000, 000, 000, 000,
000, 000, 000, 000, 000, 070, 070, 1f0,
000, 000, 000, 000, 000, 000, 000, 000,
000, 000, 000, 000, 000, 000, 000, 000,
000, 000, 000, 000, 000, 000, 000, 000,
000, 000, 000, 000, 000, 000, 000, 000,
000, 000, 000, 000, 000, 000, 000, 000,
000, 000, 000, 000, 000, 000, 000, 000,
000, 000, 000, 000, 000, 000, 000, 000,
000, 000, 000, 000, 000, 000, 000, 000,
000, 000, 000, 000, 000, 000, 000, 000,
000, 000, 000, 000, 000, 000, 000, 000,
000, 000, 000, 000, 000, 000, 000, 000,
000, 000, 000, 000, 000, 000, 000, 000,
000, 000, 000, 000, 000, 000, 000, 000,
000, 000, 000, 000, 000, 000, 000, 000,
000, 000, 000, 000, 000, 000, 000, 000,
000, 000, 000, 000, 000, 000, 000, 030,
000, 000, 000, 000, 000, 000, 000, 000,
000, 000, 000, 000, 000, 000, 000, 000,
000, 000, 000, 000, 000, 000, 000, 000,
000, 000, 000, 000, 000, 000, 000, 000,
000, 000, 000, 000, 000, 000, 000, 000,
000, 000, 000, 000, 000, 000, 000, 000,
000, 000, 000, 000, 000, 000, 000, 000,
000, 000, 000, 000, 000, 000, 000, 030,
000, 000, 000, 000, 000, 000, 000, 000,
000, 000, 000, 000, 000, 000, 000, 000,
000, 000, 000, 000, 000, 000, 000, 000,
000, 000, 000, 000, 000, 000, 000, 010,
000, 000, 000, 000, 000, 000, 000, 000,
000, 000, 000, 000, 000, 000, 000, 000,
000, 000, 000, 000, 000, 000, 000, 000,
000, 000, 000, 000, 000, 000, 010, 0f0,
000, 000, 000, 000, 000, 000, 000, 000,
000, 000, 000, 000, 000, 000, 000, 000,
000, 000, 000, 000, 000, 000, 000, 000,
000, 000, 000, 000, 000, 000, 000, 000,
000, 000, 000, 000, 000, 000, 000, 000,
000, 000, 000, 000, 000, 000, 000, 000,
000, 000, 000, 000, 000, 000, 000, 000,
000, 000, 000, 000, 000, 000, 000, 010,
000, 000, 000, 000, 000, 000, 000, 000,
000, 000, 000, 000, 000, 000, 000, 000,
000, 000, 000, 000, 000, 000, 000, 000,
000, 000, 000, 000, 000, 000, 000, 000,
000, 000, 000, 000, 000, 000, 000, 000,
000, 000, 000, 000, 000, 000, 000, 000,
000, 000, 000, 000, 000, 000, 000, 000,
000, 000, 000, 000, 000, 000, 000, 170,
000, 000, 000, 000, 000, 000, 000, 000,
000, 000, 000, 000, 000, 000, 000, 000,
000, 000, 000, 000, 000, 000, 000, 000,
000, 000, 000, 000, 000, 000, 000, 000,
000, 000, 000, 000, 000, 000, 000, 000,
000, 000, 000, 000, 000, 000, 000, 000,
000, 000, 000, 000, 000, 000, 000, 000,
000, 000, 000, 000, 000, 000, 000, 3b0,
000, 000, 000, 000, 000, 000, 000, 000,
000, 000, 000, 000, 000, 000, 000, 000,
000, 000, 000, 000, 000, 000, 000, 000,
000, 000, 000, 000, 000, 000, 000, 3d0,
000, 000, 000, 000, 000, 000, 000, 000,
000, 000, 000, 000, 000, 000, 000, 3e0,
000, 000, 000, 000, 000, 000, 000, 3f0,
000, 0c0, 1c0, 3f0, 1e0, 3f0, 3f0, 3f0,
000, 000, 000, 000, 000, 000, 000, 000,
000, 000, 000, 000, 000, 000, 000, 000,
000, 000, 000, 000, 000, 000, 000, 000,
000, 000, 000, 000, 000, 000, 000, 000,
000, 000, 000, 000, 000, 000, 000, 000,
000, 000, 000, 000, 000, 000, 000, 000,
000, 000, 000, 000, 000, 000, 000, 000,
000, 000, 000, 000, 000, 000, 000, 000,
000, 000, 000, 000, 000, 000, 000, 000,
000, 000, 000, 000, 000, 000, 000, 000,
000, 000, 000, 000, 000, 000, 000, 000,
000, 000, 000, 000, 000, 000, 000, 000,
000, 000, 000, 000, 000, 000, 000, 000,
000, 000, 000, 000, 000, 000, 000, 000,
000, 000, 000, 000, 000, 000, 000, 000,
000, 000, 000, 000, 000, 000, 000, 030,
000, 000, 000, 000, 000, 000, 000, 000,
000, 000, 000, 000, 000, 000, 000, 000,
000, 000, 000, 000, 000, 000, 000, 000,
000, 000, 000, 000, 000, 000, 000, 000,
000, 000, 000, 000, 000, 000, 000, 000,
000, 000, 000, 000, 000, 000, 000, 000,
000, 000, 000, 000, 000, 000, 000, 000,
000, 000, 000, 000, 000, 000, 000, 010,
000, 000, 000, 000, 000, 000, 000, 000,
000, 000, 000, 000, 000, 000, 000, 000,
000, 000, 000, 000, 000, 000, 000, 000,
000, 000, 000, 000, 000, 000, 000, 000,
000, 000, 000, 000, 000, 000, 000, 000,
000, 000, 000, 000, 000, 000, 000, 000,
000, 000, 000, 000, 000, 000, 000, 000,
000, 000, 000, 000, 000, 000, 000, 0f0,
000, 000, 000, 000, 000, 000, 000, 000,
000, 000, 000, 000, 000, 000, 000, 000,
000, 000, 000, 000, 000, 000, 000, 000,
000, 000, 000, 000, 000, 000, 000, 000,
000, 000, 000, 000, 000, 000, 000, 000,
000, 000, 000, 000, 000, 000, 000, 000,
000, 000, 000, 000, 000, 000, 000, 000,
000, 000, 000, 000, 000, 000, 000, 010,
000, 000, 000, 000, 000, 000, 000, 000,
000, 000, 000, 000, 000, 000, 000, 000,
000, 000, 000, 000, 000, 000, 000, 000,
000, 000, 000, 000, 000, 000, 000, 000,
000, 000, 000, 000, 000, 000, 000, 000,
000, 000, 000, 000, 000, 000, 000, 000,
000, 000, 000, 000, 000, 000, 000, 000,
000, 000, 000, 000, 000, 000, 000, 070,
000, 000, 000, 000, 000, 000, 000, 000,
000, 000, 000, 000, 000, 000, 000, 000,
000, 000, 000, 000, 000, 000, 000, 000,
000, 000, 000, 000, 000, 000, 000, 000,
000, 000, 000, 000, 000, 000, 000, 000,
000, 000, 000, 000, 000, 000, 000, 000,
000, 000, 000, 000, 000, 000, 000, 000,
000, 000, 000, 000, 000, 000, 000, 0b0,
000, 000, 000, 000, 000, 000, 000, 000,
000, 000, 000, 000, 000, 000, 000, 000,
000, 000, 000, 000, 000, 000, 000, 000,
000, 000, 000, 000, 000, 000, 000, 0a0,
000, 000, 000, 000, 000, 000, 000, 000,
000, 000, 000, 000, 000, 000, 000, 5e0,
000, 000, 000, 000, 000, 000, 000, 5f0,
000, 000, 000, 5f0, 0c0, 5f0, 5f0, 5f0,
000, 000, 000, 000, 000, 000, 000, 000,
000, 000, 000, 000, 000, 000, 000, 000,
000, 000, 000, 000, 000, 000, 000, 000,
000, 000, 000, 000, 000, 000, 000, 000,
000, 000, 000, 000, 000, 000, 000, 000,
000, 000, 000, 000, 000, 000, 000, 000,
000, 000, 000, 000, 000, 000, 000, 000,
000, 000, 000, 000, 000, 000, 000, 010,
000, 000, 000, 000, 000, 000, 000, 000,
000, 000, 000, 000, 000, 000, 000, 000,
000, 000, 000, 000, 000, 000, 000, 000,
000, 000, 000, 000, 000, 000, 000, 000,
000, 000, 000, 000, 000, 000, 000, 000,
000, 000, 000, 000, 000, 000, 000, 000,
000, 000, 000, 000, 000, 000, 000, 000,
000, 000, 000, 000, 000, 000, 000, 470,
000, 000, 000, 000, 000, 000, 000, 000,
000, 000, 000, 000, 000, 000, 000, 000,
000, 000, 000, 000, 000, 000, 000, 000,
000, 000, 000, 000, 000, 000, 000, 000,
000, 000, 000, 000, 000, 000, 000, 000,
000, 000, 000, 000, 000, 000, 000, 000,
000, 000, 000, 000, 000, 000, 000, 000,
000, 000, 000, 000, 000, 000, 000, 430,
000, 000, 000, 000, 000, 000, 000, 000,
000, 000, 000, 000, 000, 000, 000, 000,
000, 000, 000, 000, 000, 000, 000, 000,
000, 000, 000, 000, 000, 000, 000, 650,
000, 000, 000, 000, 000, 000, 000, 000,
000, 000, 000, 000, 000, 000, 000, 6e0,
000, 000, 000, 000, 000, 000, 000, 6f0,
000, 400, 400, 6f0, 400, 6f0, 6f0, 6f0,
000, 000, 000, 000, 000, 000, 000, 000,
000, 000, 000, 000, 000, 000, 000, 000,
000, 000, 000, 000, 000, 000, 000, 000,
000, 000, 000, 000, 000, 000, 000, 000,
000, 000, 000, 000, 000, 000, 000, 000,
000, 000, 000, 000, 000, 000, 000, 000,
000, 000, 000, 000, 000, 000, 000, 000,
000, 000, 000, 000, 000, 000, 000, 630,
000, 000, 000, 000, 000, 000, 000, 000,
000, 000, 000, 000, 000, 000, 000, 000,
000, 000, 000, 000, 000, 000, 000, 000,
000, 000, 000, 000, 000, 000, 400, 610,
000, 000, 000, 000, 000, 000, 000, 400,
000, 000, 000, 400, 000, 400, 400, 700,
000, 000, 400, 400, 400, 400, 400, 700,
400, 600, 600, 770, 600, 770, 770, 770,
000, 000, 000, 000, 000, 000, 000, 000,
000, 000, 000, 000, 000, 000, 000, 400,
000, 000, 000, 000, 000, 000, 400, 600,
000, 400, 400, 600, 400, 600, 600, 790,
000, 400, 400, 400, 400, 400, 400, 600,
400, 400, 400, 600, 600, 600, 600, 780,
400, 600, 600, 600, 600, 600, 600, 780,
600, 700, 700, 780, 700, 790, 7b0, 7b0,
600, 600, 600, 600, 600, 600, 600, 700,
600, 600, 600, 700, 600, 700, 700, 7c0,
600, 700, 700, 700, 700, 700, 700, 7c0,
700, 780, 780, 7c0, 780, 7c0, 7c0, 7d0,
700, 780, 780, 780, 780, 780, 780, 7c0,
780, 7c0, 7c0, 7e0, 7c0, 7e0, 7e0, 7e0,
7c0, 7c0, 7c0, 7e0, 7e0, 7f0, 7f0, 7f0,
7e0, 7f0, 7f0, 7f0, 7f0, 7f0, 7f0, ff0,
000, 000, 000, 000, 000, 000, 000, 000,
000, 000, 000, 000, 000, 000, 000, 000,
000, 000, 000, 000, 000, 000, 000, 000,
000, 000, 000, 000, 000, 000, 000, 000,
000, 000, 000, 000, 000, 000, 000, 000,
000, 000, 000, 000, 000, 000, 000, 000,
000, 000, 000, 000, 000, 000, 000, 000,
000, 000, 000, 000, 000, 000, 000, 000,
000, 000, 000, 000, 000, 000, 000, 000,
000, 000, 000, 000, 000, 000, 000, 000,
000, 000, 000, 000, 000, 000, 000, 000,
000, 000, 000, 000, 000, 000, 000, 000,
000, 000, 000, 000, 000, 000, 000, 000,
000, 000, 000, 000, 000, 000, 000, 000,
000, 000, 000, 000, 000, 000, 000, 000,
000, 000, 000, 000, 000, 000, 000, 030,
000, 000, 000, 000, 000, 000, 000, 000,
000, 000, 000, 000, 000, 000, 000, 000,
000, 000, 000, 000, 000, 000, 000, 000,
000, 000, 000, 000, 000, 000, 000, 000,
000, 000, 000, 000, 000, 000, 000, 000,
000, 000, 000, 000, 000, 000, 000, 000,
000, 000, 000, 000, 000, 000, 000, 000,
000, 000, 000, 000, 000, 000, 000, 010,
000, 000, 000, 000, 000, 000, 000, 000,
000, 000, 000, 000, 000, 000, 000, 000,
000, 000, 000, 000, 000, 000, 000, 000,
000, 000, 000, 000, 000, 000, 000, 000,
000, 000, 000, 000, 000, 000, 000, 000,
000, 000, 000, 000, 000, 000, 000, 000,
000, 000, 000, 000, 000, 000, 000, 000,
000, 000, 000, 000, 000, 000, 000, 8f0,
000, 000, 000, 000, 000, 000, 000, 000,
000, 000, 000, 000, 000, 000, 000, 000,
000, 000, 000, 000, 000, 000, 000, 000,
000, 000, 000, 000, 000, 000, 000, 000,
000, 000, 000, 000, 000, 000, 000, 000,
000, 000, 000, 000, 000, 000, 000, 000,
000, 000, 000, 000, 000, 000, 000, 000,
000, 000, 000, 000, 000, 000, 000, 010,
000, 000, 000, 000, 000, 000, 000, 000,
000, 000, 000, 000, 000, 000, 000, 000,
000, 000, 000, 000, 000, 000, 000, 000,
000, 000, 000, 000, 000, 000, 000, 000,
000, 000, 000, 000, 000, 000, 000, 000,
000, 000, 000, 000, 000, 000, 000, 000,
000, 000, 000, 000, 000, 000, 000, 000,
000, 000, 000, 000, 000, 000, 000, 870,
000, 000, 000, 000, 000, 000, 000, 000,
000, 000, 000, 000, 000, 000, 000, 000,
000, 000, 000, 000, 000, 000, 000, 000,
000, 000, 000, 000, 000, 000, 000, 000,
000, 000, 000, 000, 000, 000, 000, 000,
000, 000, 000, 000, 000, 000, 000, 000,
000, 000, 000, 000, 000, 000, 000, 000,
000, 000, 000, 000, 000, 000, 000, 830,
000, 000, 000, 000, 000, 000, 000, 000,
000, 000, 000, 000, 000, 000, 000, 000,
000, 000, 000, 000, 000, 000, 000, 000,
000, 000, 000, 000, 000, 000, 800, 8d0,
000, 000, 000, 000, 000, 000, 000, 800,
000, 000, 000, 800, 000, 800, 800, 8e0,
000, 000, 000, 800, 800, 800, 800, 8f0,
800, 800, 800, 9f0, 800, 9f0, 9f0, 9f0,
000, 000, 000, 000, 000, 000, 000, 000,
000, 000, 000, 000, 000, 000, 000, 000,
000, 000, 000, 000, 000, 000, 000, 000,
000, 000, 000, 000, 000, 000, 000, 000,
000, 000, 000, 000, 000, 000, 000, 000,
000, 000, 000, 000, 000, 000, 000, 000,
000, 000, 000, 000, 000, 000, 000, 000,
000, 000, 000, 000, 000, 000, 000, 010,
000, 000, 000, 000, 000, 000, 000, 000,
000, 000, 000, 000, 000, 000, 000, 000,
000, 000, 000, 000, 000, 000, 000, 000,
000, 000, 000, 000, 000, 000, 000, 000,
000, 000, 000, 000, 000, 000, 000, 000,
000, 000, 000, 000, 000, 000, 000, 800,
000, 000, 000, 000, 000, 000, 000, 800,
000, 000, 000, 800, 000, 800, 800, 870,
000, 000, 000, 000, 000, 000, 000, 000,
000, 000, 000, 000, 000, 000, 000, 000,
000, 000, 000, 000, 000, 000, 000, 000,
000, 000, 000, 000, 000, 000, 000, 800,
000, 000, 000, 000, 000, 000, 000, 000,
000, 000, 000, 000, 000, 000, 000, 800,
000, 000, 000, 000, 000, 000, 000, 800,
000, 000, 000, 800, 800, 800, 800, 830,
000, 000, 000, 000, 000, 000, 000, 000,
000, 000, 000, 000, 000, 000, 000, 800,
000, 000, 000, 000, 000, 800, 800, 800,
000, 800, 800, 800, 800, 800, 800, 810,
800, 800, 800, 800, 800, 800, 800, 800,
800, 800, 800, 800, 800, 800, 800, 840,
800, 800, 800, 800, 800, 800, 800, 870,
800, 800, 800, 870, 800, 8f0, af0, af0,
000, 000, 000, 000, 000, 000, 000, 000,
000, 000, 000, 000, 000, 000, 000, 800,
000, 000, 000, 000, 000, 000, 000, 800,
000, 000, 000, 800, 800, 800, 800, 800,
000, 000, 000, 800, 000, 000, 800, 800,
000, 800, 800, 800, 800, 800, 800, 800,
800, 800, 800, 800, 800, 800, 800, 800,
800, 800, 800, 800, 800, 800, 800, 830,
800, 800, 800, 800, 800, 800, 800, 800,
800, 800, 800, 800, 800, 800, 800, 800,
800, 800, 800, 800, 800, 800, 800, 800,
800, 800, 800, 800, 800, 800, 800, 810,
800, 800, 800, 800, 800, 800, 800, 800,
800, 800, 800, 800, 800, 800, 800, a00,
800, 800, 800, 800, 800, 800, 800, a00,
800, 800, 800, a00, 800, a30, b70, b70,
800, 800, 800, 800, 800, 800, 800, 800,
800, 800, 800, 800, 800, 800, 800, 800,
800, 800, 800, 800, 800, 800, 800, 800,
800, 800, 800, 800, 800, 800, 800, b10,
800, 800, 800, 800, 800, 800, 800, 800,
800, 800, 800, 800, 800, 800, 800, b00,
800, 800, 800, 800, 800, 800, 800, b00,
800, a00, a00, b00, a00, b80, b90, bb0,
800, 800, 800, 800, 800, 800, 800, a00,
800, 800, 800, a00, 800, a00, a00, b80,
800, a00, a00, a00, a00, a00, a00, b80,
a00, b00, b00, b80, b00, bc0, bc0, bd0,
a00, b00, b00, b00, b00, b80, b80, bc0,
b00, b80, b80, bc0, b80, bc0, be0, be0,
b80, bc0, bc0, be0, bc0, be0, be0, bf0,
be0, bf0, bf0, bf0, bf0, bf0, bf0, bf0,
000, 000, 000, 800, 000, 000, 000, 800,
000, 000, 000, 800, 000, 000, 000, 800,
000, 800, 800, 800, 800, 800, 800, 800,
000, 800, 800, 800, 800, 800, 800, 800,
800, 800, 800, 800, 800, 800, 800, 800,
800, 800, 800, 800, 800, 800, 800, 800,
800, 800, 800, 800, 800, 800, 800, 800,
800, 800, 800, 800, 800, 800, 800, 810,
800, 800, 800, 800, 800, 800, 800, 800,
800, 800, 800, 800, 800, 800, 800, 800,
800, 800, 800, 800, 800, 800, 800, 800,
800, 800, 800, 800, 800, 800, 800, 800,
800, 800, 800, 800, 800, 800, 800, 800,
800, 800, 800, 800, 800, 800, 800, 800,
800, 800, 800, 800, 800, 800, 800, 800,
800, 800, 800, 800, 800, 800, 800, c70,
800, 800, 800, 800, 800, 800, 800, 800,
800, 800, 800, 800, 800, 800, 800, 800,
800, 800, 800, 800, 800, 800, 800, 800,
800, 800, 800, 800, 800, 800, 800, 800,
800, 800, 800, 800, 800, 800, 800, 800,
800, 800, 800, 800, 800, 800, 800, 800,
800, 800, 800, 800, 800, 800, 800, 800,
800, 800, 800, 800, 800, 800, c00, c30,
800, 800, 800, 800, 800, 800, 800, 800,
800, 800, 800, 800, 800, 800, 800, c00,
800, 800, 800, 800, 800, 800, 800, c00,
800, 800, 800, c00, 800, c00, c00, c10,
800, 800, 800, 800, 800, 800, 800, c00,
800, 800, 800, c00, c00, c00, c00, c00,
c00, c00, c00, c00, c00, c00, c00, c70,
c00, c00, c00, c70, c00, cf0, cf0, cf0,
800, 800, 800, 800, 800, 800, 800, 800,
800, 800, 800, 800, 800, 800, 800, 800,
800, 800, 800, 800, 800, 800, 800, 800,
800, 800, 800, 800, 800, 800, 800, c00,
800, 800, 800, 800, 800, 800, 800, 800,
800, 800, 800, 800, 800, 800, 800, c00,
800, 800, 800, 800, 800, 800, c00, c00,
800, c00, c00, c00, c00, c00, c00, c30,
800, 800, 800, 800, 800, 800, 800, c00,
800, 800, 800, c00, 800, c00, c00, c00,
800, c00, c00, c00, c00, c00, c00, c00,
c00, c00, c00, c00, c00, c00, c00, c10,
c00, c00, c00, c00, c00, c00, c00, c00,
c00, c00, c00, c00, c00, c00, c00, c00,
c00, c00, c00, c00, c00, c00, c00, c00,
c00, c00, c00, c00, c00, c10, c70, d70,
c00, c00, c00, c00, c00, c00, c00, c00,
c00, c00, c00, c00, c00, c00, c00, c00,
c00, c00, c00, c00, c00, c00, c00, c00,
c00, c00, c00, c00, c00, c00, c00, c00,
c00, c00, c00, c00, c00, c00, c00, c00,
c00, c00, c00, c00, c00, c00, c00, d00,
c00, c00, c00, c00, c00, c00, c00, d00,
c00, c00, c00, d00, c00, d00, d80, db0,
c00, c00, c00, c00, c00, c00, c00, c00,
c00, c00, c00, c00, c00, c00, c00, d80,
c00, c00, c00, c00, c00, c00, c00, d80,
c00, c00, c00, d80, d00, d80, d80, dd0,
c00, c00, c00, d00, c00, d00, d00, dc0,
d00, d80, d80, dc0, d80, dc0, dc0, de0,
d80, dc0, dc0, de0, dc0, de0, de0, df0,
de0, df0, df0, df0, df0, df0, df0, df0,
c00, c00, c00, c00, c00, c00, c00, c00,
c00, c00, c00, c00, c00, c00, c00, c00,
c00, c00, c00, c00, c00, c00, c00, c00,
c00, c00, c00, c00, c00, c00, c00, c00,
c00, c00, c00, c00, c00, c00, c00, c00,
c00, c00, c00, c00, c00, c00, c00, c00,
c00, c00, c00, c00, c00, c00, c00, c00,
c00, c00, c00, c00, c00, c00, c00, e30,
c00, c00, c00, c00, c00, c00, c00, c00,
c00, c00, c00, c00, c00, c00, c00, c00,
c00, c00, c00, c00, c00, c00, c00, e00,
c00, c00, c00, e00, c00, e00, e00, e10,
c00, c00, c00, c00, c00, c00, c00, e00,
c00, c00, c00, e00, e00, e00, e00, e00,
c00, e00, e00, e00, e00, e00, e00, e00,
e00, e00, e00, e00, e00, e10, e30, e70,
c00, c00, c00, c00, c00, c00, c00, e00,
c00, c00, c00, e00, c00, e00, e00, e00,
c00, c00, c00, e00, c00, e00, e00, e00,
e00, e00, e00, e00, e00, e00, e00, e00,
e00, e00, e00, e00, e00, e00, e00, e00,
e00, e00, e00, e00, e00, e00, e00, e00,
e00, e00, e00, e00, e00, e00, e00, e00,
e00, e00, e00, e00, e00, e00, e00, eb0,
e00, e00, e00, e00, e00, e00, e00, e00,
e00, e00, e00, e00, e00, e00, e00, e00,
e00, e00, e00, e00, e00, e00, e00, e00,
e00, e00, e00, e80, e00, e80, e80, ed0,
e00, e00, e00, e00, e00, e00, e00, ec0,
e00, e00, e00, ec0, e80, ec0, ec0, ee0,
e80, e80, e80, ec0, ec0, ee0, ee0, ef0,
ec0, ef0, ef0, ef0, ef0, ef0, ef0, ef0,
e00, e00, e00, e00, e00, e00, e00, e00,
e00, e00, e00, e00, e00, e00, e00, e00,
e00, e00, e00, e00, e00, e00, e00, e00,
e00, e00, e00, e00, e00, e00, e00, f00,
e00, e00, e00, e00, e00, e00, e00, f00,
e00, e00, e00, f00, e00, f00, f00, f00,
e00, e00, e00, f00, f00, f00, f00, f00,
f00, f00, f00, f00, f00, f00, f00, f30,
e00, e00, e00, f00, f00, f00, f00, f00,
f00, f00, f00, f00, f00, f00, f00, f00,
f00, f00, f00, f00, f00, f00, f00, f00,
f00, f00, f00, f00, f00, f00, f00, f50,
f00, f00, f00, f00, f00, f00, f00, f00,
f00, f00, f00, f00, f00, f40, f40, f60,
f00, f00, f00, f40, f00, f40, f60, f70,
f40, f60, f60, f70, f70, f70, f70, f70,
f00, f00, f00, f00, f00, f00, f00, f80,
f00, f00, f00, f00, f00, f80, f80, f80,
f00, f00, f00, f80, f00, f80, f80, f80,
f80, f80, f80, f80, f80, f80, f80, f90,
f80, f80, f80, f80, f80, f80, f80, f80,
f80, f80, f80, f80, f80, f80, f80, fa0,
f80, f80, f80, f80, f80, f80, f80, fb0,
f80, fa0, fa0, fb0, fb0, fb0, fb0, fb0,
f80, f80, f80, fc0, f80, fc0, fc0, fc0,
fc0, fc0, fc0, fc0, fc0, fc0, fc0, fc0,
fc0, fc0, fc0, fc0, fc0, fc0, fc0, fd0,
fc0, fc0, fc0, fd0, fd0, fd0, fd0, fd0,
fc0, fc0, fe0, fe0, fe0, fe0, fe0, fe0,
fe0, fe0, fe0, fe0, fe0, fe0, fe0, fe0,
ff0, ff0, ff0, ff0, ff0, ff0, ff0, ff0,
ff0, ff0, ff0, ff0, ff0, ff0, ff0, ff0,
